1.128717938923390202e-01
-8.786025693782015811e-01
7.544993703775809690e-01
1.593738509293813610e-01
8.569827941434871033e-01
2.765178145592552816e-01
1.616036736978437305e-01
9.298183462064215643e-01
9.919610863823989932e-01
8.816572059523645200e-01
1.029915855920902068e+00
7.787664445057153155e-03
-6.772094282003132681e-01
4.887214401297100275e-01
-1.136473507680244716e-01
6.463822482859984397e-01
4.656894174192284797e-01
7.497799912203653161e-01
-6.528419014988819935e-01
-5.690773717952497535e-01
-2.316782153688386747e-01
-5.682710845727545479e-01
1.281419120617862117e-01
-8.325204969722813653e-01
-9.135833241358896073e-01
-9.108193394376890017e-01
-5.506163772887282537e-01
-5.867420293632209516e-01
-6.133110327787096860e-01
6.808697300729724677e-01
5.097513798241682936e-01
1.059286849156131360e+00
2.015630333452433642e-01
-9.476261426128039511e-02
3.748339124980840098e-01
9.206562367526749391e-01
1.002103905422727509e-01
7.495659541393735470e-01
-4.777620619988826034e-01
6.824872628447872236e-01
-5.201614282247577492e-01
-1.569012062995725210e-01
-2.180318947763711379e-01
-6.130301150546093591e-01
3.688637354733433349e-01
9.357476583854767993e-01
7.394897841495777779e-01
4.497553344927325836e-01
9.203059789465278806e-01
-7.320623763052945820e-01
8.690436292119283479e-01
6.779930309245623121e-01
-9.198632841897218249e-02
-8.598227030502050491e-03
3.110366279464149009e-01
2.677211110197605382e-01
4.473783888289658006e-01
-9.942566653052200554e-01
-5.183727207104774637e-01
1.024491887517987587e+00
1.037869635026861248e+00
-5.483813267519497270e-01
-8.969824662481569177e-01
-2.627919449726527912e-01
8.821609539588213256e-01
5.522054298168918018e-01
8.973083097551581844e-01
-5.584730930934148629e-01
5.350337835911617157e-01
6.607217891328940329e-01
-6.650366893463593998e-01
1.244561016098180706e-01
-8.909614678692817646e-01
9.358778323749942230e-01
7.063108033445752998e-01
5.430135285580866000e-01
2.853690108858866203e-01
-9.478587568516575468e-01
2.328278737472601057e-01
1.147216372530406175e-01
2.116375172036983887e-01
-7.167712666704173508e-01
-9.249301798586451184e-01
5.488539994484116225e-01
-1.932463936706733110e-01
-8.458850706764333705e-01
-2.586093839858469301e-01
7.563953826273903669e-01
9.123295701680347314e-01
-4.993063453974300181e-01
-7.953794783235870192e-01
-3.766062529888734578e-01
8.695184130856553617e-01
3.552748692265794012e-02
1.057574759860664848e+00
2.248451838449529172e-01
-8.763423433339463664e-02
-8.751001842029197952e-01
-9.845812143739863798e-01
6.841048570794469041e-01
-7.645767596803278998e-01
6.308163394299784454e-02
9.130504692106409248e-01
3.061040103091993703e-01
8.013395958806095454e-01
-9.791399262486550903e-01
-5.515919568559096708e-01
-2.704720596090245954e-01
7.546908666496688900e-01
-8.092745006834004551e-01
4.448485284172070536e-02
-8.880827438902313409e-01
4.949296085556733060e-01
6.769527155867449686e-01
-9.128144064530000490e-01
-8.964110229689620235e-01
4.041026092463651520e-01
1.149506285706320408e-01
4.039584198197647240e-03
5.127154093305820171e-01
-4.341715981641284250e-01
1.862092281638052793e-01
2.041879079202976732e-02
-3.285379471766965986e-01
3.055276790852564095e-01
-2.559600307532290953e-01
-4.197806382802405922e-01
5.987961187833944487e-01
-7.943543381531495973e-01
1.053776934988816194e+00
1.783133761894039049e-01
1.554559378532040237e-01
-3.283140274226038491e-01
2.052158581761034661e-01
4.491976059988590786e-02
1.462033375014729908e-01
-9.356877161634730156e-01
-8.247470137761578890e-01
9.102449628651686497e-01
1.026582861124538892e+00
-5.973163231508694659e-01
-9.747447408760577803e-01
7.157163812117212087e-01
8.576152468011858376e-01
-5.514188461550646458e-01
-7.207485273442167939e-01
2.680612294112616478e-01
-7.093745090879188808e-01
-7.591938601553412935e-01
4.082553006278702434e-01
-9.853975604886737738e-01
-7.739555648458757986e-01
4.831726780011336153e-01
5.290849020403859404e-01
9.313304355714236982e-01
-7.190956477563246185e-01
-6.269654025516357976e-01
4.851354575900901356e-01
4.659932892297221629e-01
2.730176336565556805e-01
9.538825965427892573e-02
-2.394386548334438980e-01
9.797815045417260782e-01
6.645270457966950817e-02
6.153249178395099328e-01
-9.317982510028834930e-01
-6.948467578802487443e-01
-3.008789423091290938e-01
9.425318768876300712e-01
-6.724345646444630509e-01
1.627475585600539620e-01
8.861893381957638427e-01
5.126162221399543917e-01
4.574917787231629895e-01
7.819842776803495044e-01
-7.106431988347982065e-01
-1.916563427434024580e-01
7.534745872530944633e-01
-1.344748839824698450e-01
-6.708886635845928703e-01
4.450276657979013173e-02
3.300845805570155056e-01
-6.354322553907493232e-01
7.562689265094048041e-01
2.546356265612234604e-01
-8.420310856629127372e-01
-9.555837796001660500e-01
4.196287919985687287e-01
-6.365406751532999285e-01
2.939017104529739188e-01
7.735346266555782613e-01
-9.718890132953067473e-01
3.302352789202044059e-02
8.225236739243231288e-01
6.862268197780340140e-01
3.015216248455860892e-01
1.364432649841544054e-01
-5.928198080978013262e-01
3.132801856083524128e-01
1.038496552847205656e+00
3.654013054583239023e-02
